-0.834916 -3.05491 -11.2303 0.6548 -0.825998 0.204693 0.045829 0.209614 -8.3731 0.674779 
-0.232153 -28.7635 -106.323 0.562494 -0.355591 0.652765 -0.805546 -0.57261 -81.508 -0.765139 
-0.953349 -29.3864 -107.357 0.288699 -0.729813 -0.595065 -0.89167 0.560651 -80.8352 0.443481 
0.0021751 -28.6389 -107.661 0.802286 -0.413355 -0.491999 0.00696908 0.632179 -79.8843 0.943357 
0.307225 -19.3653 -70.844 -0.0208946 -0.951998 0.394891 -0.368136 -0.757729 -52.3581 -0.27418 
-0.522691 -17.9816 -70.6845 0.115466 0.157916 0.180232 0.520395 0.266061 -53.4395 -0.712867 
-0.290281 -18.1074 -70.3756 0.0437213 0.545631 0.805565 0.551716 -0.447585 -52.7427 0.269366 
-0.504051 -75.3632 -280.52 0.246459 0.724417 0.802839 -0.358676 -0.644492 -212.846 -0.536103 
0.0820322 -75.5859 -281.942 0.992106 0.638136 0.490993 0.172313 0.15776 -212.135 0.91349 
0.445596 -74.6415 -280.618 -0.335455 -0.489254 0.202429 -0.529916 -0.93831 -211.137 0.908121 

0.331759 -0.344327 9.14491 14.3651 0.497429 13.6561 -0.110546 -0.861219 9.39888 14.2132 